entropy = 10.526656
coverage = 0.895226
