entropy = 10.527337238682652
coverage = 0.895226024503591
