entropy = 11.913253294131396
coverage = 0.8258127122755944
